-0.967,1.6564,0.9905,0.1992,1
0.7578,0.4853,-0.053,1.0594,1
1.0805,0.7777,-3.0646,0.4719,1
-1.5027,0.2926,-1.9092,-1.6,1
1.3216,2.7399,0.4085,-0.6104,1
-1.7354,0.0613,1.5818,2.6738,1
-1.6171,1.3191,4.6856,-3.0167,1
0.0712,2.6149,1.5118,-1.2171,1
-0.2863,-0.1761,-0.5269,-0.3,1
-0.5088,0.2415,-2.2741,-1.5243,1
-0.2083,1.1083,0.6454,-1.0131,1
-1.5621,0.1365,-0.7415,-1.219,1
-2.4877,-0.3206,0.3636,-3.1114,1
0.3912,0.7631,-0.7001,-0.0224,1
-0.3686,0.2246,-0.114,-0.4343,1
1.1081,2.2986,0.253,-0.5236,1
-0.3322,1.2918,-0.8499,-1.6587,1
1.1637,2.4579,-0.0684,-0.2233,1
0.3434,2.7183,-0.0971,-1.8497,1
-1.7063,-0.3409,0.5202,-1.8028,1
-2.4774,0.186,-1.4783,-1.3718,1
0.6395,-0.255,0.41,-0.1934,1
0.0322,2.6811,2.0138,-1.6937,1
1.6694,0.4034,-2.1054,-0.334,1
-1.2507,0.4905,0.8509,-1.3138,1
0.5848,1.3312,-3.2472,-0.3175,1
-2.3667,-0.3843,-0.0954,0.2326,1
1.6265,-2.0087,-1.2859,-2.9922,1
-0.3232,0.5334,-1.172,-2.0723,1
-0.4204,1.555,-0.663,-1.4433,1
0.6677,1.9859,-3.2768,-0.6742,1
0.8114,0.4836,0.4995,-2.5691,1
0.9391,0.7428,-1.8103,-3.165,1
-0.8937,-1.0368,-0.7867,-1.1015,1
-1.531,0.7957,0.0916,-0.6989,1
0.2624,0.6609,-2.4072,0.0864,1
-0.4862,0.7007,2.0317,-2.4502,1
-1.635,-0.1219,-1.169,-0.7829,1
0.2852,0.5605,-0.8307,-1.9506,1
-1.6565,1.4353,1.2729,-2.2632,1
0.0945,2.4108,1.6915,-0.893,1
-0.6203,1.2372,-0.2533,-1.496,1
2.2039,2.1475,2.0254,-2.1877,1
-0.5444,1.1805,3.732,-2.7472,1
-0.2115,0.6644,0.6988,-0.265,1
1.6034,1.3312,1.896,-1.0026,1
-1.3397,1.2414,-0.3751,-0.0689,1
-0.2836,-0.1913,-1.821,-0.5004,1
-1.314,0.3605,-1.3387,-1.9585,1
-0.3705,0.5528,-0.9894,-0.8399,1
0.6012,0.0133,2.511,-1.5103,1
-1.1318,1.9713,2.6676,-2.3684,1
-0.9508,1.7658,-0.4744,-0.9527,1
0.9477,3.2773,0.8372,-0.8202,1
-0.8852,-0.8009,-1.7196,-1.9413,1
1.2175,3.6691,4.5235,-0.4061,1
0.6914,1.0628,-3.3292,-1.7643,1
1.5845,1.4246,-1.9031,-1.3086,1
2.1462,1.1947,1.4353,-0.1785,1
-1.3119,0.7127,-0.1654,-0.4928,1
-0.0379,0.6893,1.2646,-1.1024,1
1.181,2.9174,0.3382,-2.4632,1
0.9538,1.1763,0.3373,-0.2793,1
-1.881,-0.1819,0.0847,-0.3873,1
-1.6196,0.8233,3.2016,-1.0517,1
-0.6226,0.7128,0.3533,-1.0648,1
-0.2977,0.7521,-0.2577,0.9529,1
0.8002,1.6735,-1.9406,-2.343,1
-0.7398,0.757,4.6935,-1.0798,1
1.0477,1.3781,-0.8954,-1.7532,1
-0.286,-0.3883,0.2493,-1.1001,1
3.0497,0.6355,1.7975,-1.6724,1
0.4523,-0.2578,1.2209,1.2049,1
-1.5719,0.4642,-0.6999,-0.8113,1
-0.3716,-0.3044,2.6686,0.7153,1
-0.702,1.9763,-1.0856,-1.3884,1
-0.5055,-0.2651,-1.4996,-0.4779,1
0.1822,1.2839,-0.6175,-0.4264,1
-1.8896,1.4649,-0.4589,-0.6257,1
0.3251,0.7104,1.505,-0.8911,1
1.2204,0.8131,-0.9764,-0.8714,1
-3.1293,-0.1241,0.0924,-0.4741,1
1.5996,3.0086,-1.9284,-1.1995,1
0.8458,-0.0243,4.0298,-2.2909,1
-0.1715,1.274,3.501,-1.1191,1
-0.606,-0.1487,-0.4857,-0.4371,1
0.0974,1.6982,-0.1668,-1.021,1
-0.2769,0.5139,1.3322,-2.898,1
-2.4592,0.6639,-3.763,-0.3405,1
0.3731,1.2629,-2.4953,0.5056,1
-0.8223,0.2665,1.1742,-0.5732,1
1.0153,1.3714,-1.2284,-1.4121,1
-1.3785,1.4188,-0.9749,-0.096,1
1.1998,1.6538,-2.1953,-2.9801,1
-0.8504,3.0789,1.347,-2.3837,1
-0.2507,2.6329,0.8444,-1.8841,1
1.8703,1.3337,2.437,-1.2385,1
0.4464,0.8931,-1.3364,0.2887,1
-0.1605,1.1406,-2.1595,-0.4332,1
-2.9657,-1.5101,-2.7123,-2.1672,2
-3.3261,0.4236,-1.9527,-1.1975,2
-4.1743,1.1967,1.7617,-1.1693,2
-5.01,-2.6022,1.0706,-1.8266,2
-1.0882,-0.9771,-1.1528,-0.632,2
-4.6218,0.286,-4.9886,-3.2239,2
-1.2454,-6.6331,-5.3379,-0.806,2
-1.2673,-2.6117,-2.2662,-1.0703,2
-4.2541,-1.3281,-1.015,-1.2551,2
-4.6484,-1.9446,1.5667,-1.22,2
-2.7657,-2.3511,-1.7162,-1.0845,2
-4.701,-2.7196,-0.4443,-1.8444,2
-4.6293,-5.5768,-0.931,-1.4726,2
-3.4307,-0.5651,-0.7014,-1.1537,2
-3.8482,-1.6222,-1.3448,-1.3032,2
-1.5646,-0.9704,-1.1322,-0.7237,2
-3.2533,-2.4539,0.2714,-1.1291,2
-1.6403,-0.489,-0.8914,-0.8818,2
-1.6295,-2.4897,-0.1181,-0.8485,2
-4.3946,-3.945,-1.6502,-1.4469,2
-5.4896,-2.982,0.325,-2.4965,2
-3.3793,-1.192,-1.9858,-0.5471,2
-0.9292,-3.3141,-2.5764,-0.8629,2
-3.4734,0.1988,1.122,-0.2508,2
-3.5844,-3.2755,-2.0486,-1.4941,2
-4.0407,0.2987,2.3848,-1.3397,2
-5.4914,-1.8945,-2.0868,-2.765,2
-4.049,-3.1685,1.1129,1.4491,2
-3.7649,-2.8352,0.701,-0.8162,2
-3.1062,-2.315,-0.0085,-1.3147,2
-3.536,0.0541,2.7223,-1.3002,2
-2.3035,-3.5201,-0.7452,0.3523,2
-2.9715,-3.1261,2.1654,0.3432,2
-5.0733,-2.419,-0.5654,-1.1699,2
-4.0226,-2.4261,-1.503,-2.0894,2
-4.3436,0.1608,1.0926,-1.46,2
-2.2625,-4.5586,-2.6405,-0.438,2
-5.1783,-2.1604,-0.2457,-2.0565,2
-3.2741,-2.5738,0.354,-0.4225,2
-2.8619,-4.4956,-1.9317,-1.5618,2
-1.3651,-2.3619,-2.6589,-1.1146,2
-3.2213,-2.658,-0.5185,-1.3046,2
0.0987,-2.9295,-2.1308,0.9206,2
-1.192,-5.5153,-4.293,-0.2724,2
-3.1672,-1.6523,-2.2269,-1.2738,2
-1.0418,-2.0132,-2.8075,0.2223,2
-3.9792,-1.4536,-1.1967,-2.3728,2
-4.7927,-1.0184,0.5112,-1.3218,2
-4.5345,-3.1091,0.6583,-1.5058,2
-3.9538,-1.6544,-0.1187,-1.3231,2
-2.0381,-3.3774,-3.6062,0.1362,2
-1.5981,-4.868,-3.2504,-1.1305,2
-3.3002,-2.0943,-0.4991,-1.8946,2
-0.7438,-1.4688,-1.4794,-0.8761,2
-5.1647,-2.8827,0.926,-0.9944,2
1.1926,-2.3501,-5.6483,-0.5198,2
-3.8801,-1.1459,3.1648,-0.6366,2
-2.6126,-0.8088,1.5527,-0.1368,2
-1.1873,-0.7539,-2.6576,0.2361,2
-4.1036,-2.0233,-1.3058,-2.035,2
-2.6298,-2.6634,-2.4049,-0.7624,2
-0.71,-2.9039,-0.1394,-0.037,2
-2.3463,-0.9486,-1.5665,-0.6492,2
-4.883,-2.3685,-1.8722,-2.2181,2
-2.6088,-4.0692,-4.7676,-1.6491,2
-3.3612,-2.5163,-1.496,-1.2828,2
-3.8376,-0.0407,-1.7754,-1.9511,2
-2.7143,-2.1801,2.0435,-0.314,2
-1.4796,-4.3128,-6.2882,-0.8559,2
-2.4111,-1.9132,0.5784,-0.1904,2
-3.8743,-2.4886,-1.51,-0.794,2
-0.5401,-2.1056,-2.2833,1.6143,2
-3.4182,-0.1554,-3.6054,-1.1351,2
-4.5737,-2.2821,-0.6373,-2.0864,2
-3.1774,-1.6091,-5.0834,-1.3118,2
-3.2104,-2.1657,0.4651,-1.6752,2
-4.827,-1.2302,0.1009,-1.4245,2
-3.1149,-1.0479,-0.5289,-1.2464,2
-4.081,-2.2126,-0.8645,-2.5825,2
-2.3463,-2.3783,-2.7209,-0.5797,2
-2.8723,-0.9588,0.1528,-0.3022,2
-5.5418,-3.0066,-2.0031,-3.0347,2
-1.6777,-0.4978,1.8072,-0.5483,2
-1.0881,-4.6865,-4.8656,0.7995,2
-1.3597,-3.5664,-4.7811,-0.7211,2
-4.3742,-1.6244,-1.0323,-1.4167,2
-2.5905,-1.8319,-0.6688,-1.1111,2
-2.4727,-4.6702,-1.6482,-0.1566,2
-6.4124,-0.9414,2.4192,-3.2775,2
-4.0408,0.7467,1.1023,-1.7059,2
-3.4845,-2.4762,-2.7541,-1.411,2
-2.6513,-1.4431,0.77,-0.3859,2
-4.1535,-1.2387,-0.4953,-2.5005,2
-2.4785,-2.5616,2.6953,0.1835,2
-1.3463,-4.1047,-1.5505,-1.3528,2
-1.5983,-3.174,-1.239,-1.1029,2
-0.5995,-2.3547,-3.249,0.5587,2
-3.6657,0.0497,-0.1235,-1.3463,2
-4.0784,-0.6068,1.1032,-1.6211,2
-2.7543,-2.4387,0.0961,-0.3235,2
