0.2939,-0.0011,0.609,-0.3732,1
-0.3184,1.5394,3.1126,0.6961,1
2.0749,1.6049,-1.2145,-0.1283,1
-0.3679,-0.3533,-0.6236,-1.639,1
1.6976,1.8338,1.7053,-2.3493,1
1.0349,1.4719,1.4926,-1.7989,1
-0.5636,0.8207,1.3098,-0.4865,1
-0.3783,0.4573,1.9488,-2.3414,1
0.6241,0.5562,-0.5593,-3.3775,1
0.1112,0.7396,2.7826,-1.5112,1
1.5564,0.8277,-0.1221,-0.7319,1
0.5125,1.0698,0.7192,-1.5571,1
2.0382,0.3428,1.9445,-3.4443,1
-0.3703,0.286,-1.6936,-1.2714,1
-2.429,0.9784,1.2981,-0.6823,1
0.1675,1.5587,-1.2579,-0.1147,1
0.1354,1.485,0.9737,-1.6129,1
-1.9176,1.2311,0.2598,-0.6484,1
-2.5309,-0.726,1.6007,-1.0524,1
1.8632,3.5202,1.7809,-0.965,1
-1.0654,0.1784,3.0352,-0.3606,1
-0.9542,0.9132,1.6938,-1.1374,1
-0.4348,1.8949,-4.3004,-1.55,1
-1.1884,-0.609,-1.3622,-2.0263,1
0.4579,0.5778,0.9742,-0.1796,1
1.4627,1.7287,-1.2667,-0.4458,1
0.1532,-0.2904,-2.7485,-1.6202,1
0.2237,1.4796,1.6913,-1.7707,1
0.1145,0.105,0.8652,0.17,1
-2.1033,1.146,1.5566,-1.4507,1
-0.2961,0.4545,0.6756,-2.2473,1
-3.6599,-0.1255,-0.793,-0.7077,1
0.4938,2.7571,-1.1687,-3.6695,1
-1.7285,1.4133,1.161,1.0329,1
-2.1708,-0.3041,0.0484,-3.8728,1
-0.4296,1.6914,3.615,-3.0533,1
0.3777,0.8045,1.7852,-0.1539,1
-1.2427,1.9576,-0.3195,-0.0351,1
0.0236,0.8182,1.5401,0.5904,1
-2.9373,1.0355,-1.012,0.1826,1
-1.293,1.4385,-1.314,-1.9605,1
-1.4479,0.4937,-1.3161,-2.4069,1
0.5256,0.3752,0.5212,-0.2389,1
-1.6854,0.6127,0.0718,-1.3684,1
1.0648,2.4994,0.7322,0.5667,1
-0.8338,1.4685,1.8183,-1.3116,1
0.1877,1.4062,0.0288,-0.6637,1
-2.448,1.1352,-1.4494,-1.1316,1
-2.0438,1.4073,1.3621,0.5741,1
0.3221,2.5422,-2.0968,0.5545,1
-1.1352,1.207,0.3736,-0.6436,1
0.7926,1.5827,0.1898,0.8024,1
2.4056,2.6894,1.1437,-0.5794,1
1.0789,2.5095,-2.1453,-1.103,1
-0.9349,2.4336,0.8547,-1.9736,1
3.4759,0.9486,-1.782,-0.3551,1
0.3813,1.2944,-1.0282,-3.5267,1
-1.1219,0.215,-0.348,-0.4411,1
-2.5998,0.1484,-0.6632,0.4499,1
-0.0003,0.8504,1.3258,-1.9646,1
-0.2506,1.4692,-1.082,-0.8698,1
1.1939,2.0148,-0.8616,0.88,1
-1.0572,2.0121,-0.913,-1.0954,1
-1.6232,-0.0045,-0.0541,-1.7233,1
-0.3357,0.1109,2.3094,1.1805,1
1.3524,1.3182,-0.6665,-1.3105,1
1.8148,0.6355,-0.3337,-0.1375,1
-1.7729,1.5183,-1.2944,-0.6934,1
-5.3544,1.477,0.9284,-0.3033,1
-1.2155,0.2089,3.6158,-0.716,1
0.4959,-0.2641,0.4267,-1.1953,1
-0.5134,1.6109,2.6969,0.1578,1
2.5402,2.2387,3.1567,0.6513,1
-0.5859,2.2208,-2.5197,-2.0511,1
-1.6532,-0.1344,-0.7006,-0.4546,1
-0.8238,0.2554,1.0946,-0.7527,1
0.1863,2.0336,-1.5786,0.7667,1
-0.1206,1.9101,4.6835,0.1951,1
-0.6321,0.9295,-2.0422,-1.1414,1
-1.5345,0.6321,0.5243,-2.5811,1
0.1263,2.2344,2.4055,-0.9304,1
-0.2094,-0.4018,1.3869,-0.3418,1
0.2847,1.8574,1.497,-0.6356,1
-0.2972,1.0481,2.2027,0.8744,1
-0.5135,0.8214,-0.3441,-2.5013,1
-0.8458,1.9891,-0.6346,-0.7707,1
1.7549,0.3998,-0.0042,-1.7975,1
0.5032,0.8267,-1.8743,-1.5087,1
2.7747,0.2081,3.359,0.944,1
-1.0674,1.4213,-0.5616,-1.3042,1
2.6468,0.806,-1.8494,0.2223,1
0.3359,1.8715,1.2233,-0.579,1
-0.1143,0.733,-1.2957,-2.017,1
2.0472,2.4542,-3.4901,0.3948,1
0.3605,0.6754,0.4243,-2.555,1
0.1659,1.3265,2.0933,-1.5702,1
0.6394,1.8806,0.9911,-0.3945,1
-0.5032,1.4898,2.7625,0.1922,1
-1.6636,0.0012,0.7523,-0.1332,1
-3.2983,-1.5809,-2.1198,-0.7442,2
-1.8293,-1.5715,-5.232,-1.6529,2
-2.1614,0.3722,0.3046,-0.2403,2
-4.1748,-2.7283,-0.2829,-0.7448,2
-0.4897,-3.2283,-1.8234,0.6817,2
-1.2963,-2.9095,-2.0201,0.0777,2
-2.9584,-2.263,-2.813,-1.3872,2
-2.4072,-4.3932,-2.6309,-0.3611,2
-2.6682,-4.006,0.8133,0.4076,2
-1.7584,-3.6204,-3.8468,-0.3326,2
-2.322,-1.0059,-0.81,-0.0353,2
-2.2312,-2.6279,-1.4315,-0.3654,2
-0.8665,-4.4747,-1.7556,1.7288,2
-4.3377,-1.849,0.8271,-1.1703,2
-3.8964,-3.2673,-2.9374,-2.6006,2
-3.3042,-0.4452,0.0689,-1.521,2
-2.0715,-2.9064,-1.6646,-0.6648,2
-3.9163,-2.5624,-1.6917,-2.4525,2
-4.7775,-4.0108,-3.4012,-2.0821,2
0.375,-1.5627,-2.2772,-0.1501,2
-2.8983,-3.118,-4.9643,-1.4196,2
-2.8221,-3.2506,-2.9509,-1.3665,2
-4.4947,-0.9392,4.1178,-1.7897,2
-5.0465,-3.2252,0.565,-1.1675,2
-2.732,-1.3881,-2.4945,-0.8055,2
-2.3947,-0.1913,0.4561,-0.5602,2
-4.7815,-1.6222,2.1378,-0.6669,2
-1.6744,-3.3177,-2.3666,-0.4569,2
-3.3356,-1.1896,-2.6802,-1.0765,2
-3.3354,-4.0008,-2.764,-2.0844,2
-2.9442,-3.7513,-1.2613,-0.4924,2
-6.1899,-3.1288,-0.9843,-3.4015,2
-1.6182,-3.8695,2.0007,-0.1561,2
-3.646,-1.082,-3.4665,-2.9339,2
-4.42,-6.0948,-0.1557,-0.9967,2
-0.8053,-5.6752,-3.905,-0.2079,2
-2.2873,-1.6951,-3.374,-0.828,2
-3.472,-1.3159,-1.1352,-2.4842,2
-2.7439,-0.9837,-3.5222,-1.395,2
-5.3528,-1.6695,-0.8804,-3.5722,2
-3.8579,-2.9882,0.8246,-1.7433,2
-4.428,-3.6251,0.8616,-1.4456,2
-3.0041,-1.2616,-1.991,-0.7416,2
-4.0926,-3.1988,-1.2011,-1.8848,2
-1.4808,-0.0322,-2.1759,-1.1793,2
-2.3256,-3.3633,-2.8867,-1.3329,2
-2.7029,-1.5347,-1.1017,-1.101,2
-4.9343,-2.6238,0.3446,-2.794,2
-3.6466,-1.7762,-3.5052,-2.9374,2
-3.1286,0.762,0.8559,-2.0158,2
-3.4333,-2.2596,-1.7137,-1.9099,2
-2.4808,0.2025,-1.8944,-1.3029,2
-0.1791,-0.7653,-1.836,0.1821,2
-2.3943,-0.599,1.8372,-0.8438,2
-2.0881,-3.5959,-1.3371,-1.4783,2
-1.9606,0.9092,1.126,0.8799,2
-2.5364,-3.9956,1.501,0.0742,2
-4.3876,-1.87,-1.1909,-1.8316,2
-5.598,-1.4853,-1.5074,-3.2012,2
-2.3057,-3.5431,-2.0087,-0.4239,2
-3.3645,-1.4903,0.1767,-1.4586,2
-2.4698,0.9296,-0.6399,-1.2901,2
-3.3763,-2.0853,0.0847,-2.0189,2
-4.4135,-3.5581,-0.985,-1.57,2
-3.16,-0.9219,-4.8409,-1.614,2
-2.2629,-1.4197,0.1371,-0.1214,2
-2.5066,-0.2153,-0.8704,-0.0783,2
-4.3372,-1.8908,0.1174,-2.588,2
-5.5119,-3.9648,-3.0428,-4.8782,2
-2.6358,-3.7798,-5.4436,-1.3175,2
-3.2531,-2.2977,-1.5263,-0.2395,2
-1.9704,-2.0393,-4.5194,-1.6347,2
0.2611,-0.2911,-4.7325,0.1245,2
-3.4931,-2.1976,2.4381,-1.5591,2
-5.057,-2.018,-0.9313,-2.1418,2
-3.4903,-2.6316,-2.5788,-1.3471,2
-3.3293,0.6557,0.0695,-2.0104,2
-0.6934,-2.5866,-6.623,-1.2232,2
-4.2786,-1.6176,1.2234,-1.5914,2
-3.5441,-4.5627,-1.0709,-1.2508,2
-1.1304,-2.692,-3.455,-0.9526,2
-3.4921,-2.1279,-3.1356,-0.9085,2
-1.7306,-1.9978,-2.6432,-0.9814,2
-2.5539,-1.0708,-4.4,-1.7004,2
-3.2449,-3.6602,0.025,-0.7437,2
-3.213,-1.7703,-0.359,-1.9684,2
-2.1956,-2.1145,-0.4559,0.6387,2
-3.5405,-1.5736,1.3632,-0.6382,2
-0.8062,-0.1987,-5.4262,0.6698,2
-3.5418,-2.5134,-0.3045,-1.7612,2
-2.671,1.1492,0.7704,0.1184,2
-1.8254,-1.8057,-2.3596,-1.0051,2
-3.5903,-2.6134,0.8746,-0.7598,2
-2.7766,1.9067,2.7012,-0.9363,2
-2.4817,-3.6528,-0.6989,-0.0104,2
-1.6639,-3.3144,-2.9454,-0.4923,2
-1.7867,-1.3871,-2.1511,-0.9043,2
-2.016,-2.0393,-4.6289,-1.6052,2
-4.4047,-2.2558,-2.673,-2.1385,2
-3.3445,-0.066,3.3099,-0.7783,2
