-2.926,1.2089,-3.0626,-0.7319,1
1.7487,0.1557,-1.2124,-3.3663,1
-1.3479,-0.3867,-2.9455,-2.2964,1
0.9359,1.952,3.4053,1.2056,1
-0.9307,2.8324,2.3818,-1.9946,1
0.856,-1.4936,-2.3781,0.8741,1
-1.0964,1.8515,-0.08,-2.1336,1
2.3477,3.2239,0.9776,-0.9195,1
-0.0305,-0.1277,-1.5634,0.2536,1
0.3234,-0.099,-3.0418,-1.3465,1
-1.9858,1.4571,-0.9354,-0.214,1
-1.1585,1.4072,-2.9858,-0.6766,1
0.2914,-0.0763,-0.6847,-0.4319,1
0.9516,2.9859,-1.5169,-2.0982,1
-1.9185,-0.4365,-1.31,-0.0622,1
-1.1723,2.1266,1.3862,-1.0279,1
-1.1727,1.4534,0.3351,-2.5481,1
0.2128,2.1421,-0.8807,-0.0222,1
1.4845,1.3817,2.0602,-1.409,1
1.0082,1.7683,1.0577,-1.2283,1
2.6405,1.3703,-0.5134,-0.4525,1
-0.375,1.2009,0.0522,-2.3409,1
1.3326,1.184,-2.1755,0.4634,1
-0.4752,1.0632,1.7024,-1.7325,1
-1.1297,-0.7532,3.6993,-1.9268,1
2.1375,1.8697,-0.1037,-2.2871,1
0.1502,0.5006,2.7311,-1.9341,1
-1.4281,1.8853,-2.1297,-1.2543,1
-0.5438,1.3247,0.2281,-1.6822,1
1.5308,0.049,-1.019,-1.2361,1
0.9448,-0.3966,-0.4606,1.0844,1
1.3903,1.5969,-1.6369,-1.8357,1
2.0189,2.6703,0.6204,-1.8087,1
-3.6588,0.1321,-1.0947,-2.021,1
2.2853,1.1912,0.58,-0.7595,1
0.4529,-0.3535,3.4522,-0.0091,1
-2.4756,0.5849,2.704,-1.2459,1
-1.8135,0.9798,-0.8528,-1.904,1
1.2468,1.8408,-1.7273,-0.9409,1
1.0265,0.3601,0.5778,-2.1482,1
-1.1095,0.774,-3.9339,-1.4451,1
-1.3733,1.4727,-1.667,-0.9178,1
-0.849,-0.196,-3.3925,-1.6332,1
-1.0567,1.3136,-5.0891,0.2241,1
1.5923,2.7244,0.2217,-2.5475,1
-2.4673,-1.0982,2.5734,-2.3723,1
0.9853,1.4501,-1.1227,-0.2499,1
1.6209,1.5375,2.365,-1.1536,1
-0.8079,1.2749,-0.0697,0.9597,1
-1.6872,0.5725,-2.2079,-2.2278,1
1.3486,1.7385,0.9447,-3.001,1
0.0664,0.8108,-0.0045,-1.6368,1
0.3518,1.0912,0.9445,-2.022,1
-4.1752,-2.6384,-1.7338,-0.8889,1
-0.0137,-0.0994,3.8889,-0.2413,1
-0.8342,1.7095,2.5918,0.2589,1
0.4044,1.8092,-0.4521,-1.0886,1
-0.4613,0.727,2.3644,-1.0098,1
-0.4907,1.4895,2.1414,-0.5845,1
1.218,2.8512,0.8558,-2.7221,1
2.7773,2.7844,-1.3608,-1.8648,1
-1.6338,1.1964,1.2159,-2.0819,1
-0.1025,2.3914,-0.3851,-1.1979,1
3.6936,0.7937,-1.195,-1.1338,1
-0.4446,0.1416,0.6784,-0.2276,1
0.5189,3.4181,0.5373,-1.2641,1
1.3433,0.7346,0.5581,-1.939,1
0.1604,0.4762,-0.3186,-0.9304,1
-3.1156,-0.3463,-0.7449,-1.927,1
1.1396,0.0235,-0.0999,-0.4204,1
-1.1996,0.1636,2.2674,-1.2806,1
-1.9291,1.4605,-2.4192,-1.3851,1
0.4966,2.7241,0.6786,-1.5157,1
2.1757,1.5115,-0.0255,-2.1168,1
1.4071,1.5936,1.7117,-1.0635,1
1.256,1.9006,0.4338,-1.7818,1
-2.8261,-0.6202,-2.9494,-1.2196,1
0.9741,1.8528,0.7002,0.089,1
0.3224,2.0408,-1.0323,-0.0752,1
-3.0397,0.5691,-1.9803,-1.0664,1
1.1121,0.6263,-1.649,-2.5558,1
1.2251,0.9278,0.6498,-2.0742,1
2.9896,0.3494,-0.3076,-2.6929,1
-0.5063,0.2085,-0.6347,-0.1915,1
0.5054,0.1376,-0.1429,-0.5062,1
-2.0096,-0.0339,-0.9965,-0.5518,1
0.8709,1.7334,-1.2115,-1.3325,1
-2.3472,0.4032,-1.7438,0.5857,1
-1.9349,0.0894,-0.043,-3.4471,1
0.2622,1.5298,3.4882,-0.4119,1
-1.9922,1.0969,-0.0132,-1.7972,1
-0.1255,-0.5314,-0.7923,-1.1159,1
1.8484,0.3031,0.4871,-3.5825,1
-0.3945,0.0881,-0.9528,-1.24,1
-2.7792,-0.4786,-0.0303,-1.6454,1
-2.4339,-0.174,-0.229,-0.8242,1
2.7126,1.8725,-0.5201,-2.8381,1
0.0014,-1.0766,0.4773,-1.6068,1
2.0981,2.1885,2.1908,-0.4069,1
-5.9591,-1.7695,1.8715,-3.4816,2
-2.5576,-3.2822,1.6166,1.1766,2
-5.6475,-2.9165,2.4642,-1.4055,2
-0.8363,-0.5606,-5.5599,-1.0772,2
-1.1645,-4.1802,-2.9416,-1.3821,2
-5.4588,0.978,0.3718,-0.8621,2
-2.9136,-3.5258,-0.3507,-1.4949,2
0.1085,-1.0144,-1.397,0.1329,2
-4.6507,-0.2236,-0.1024,-1.4376,2
-4.7541,-1.1253,2.3827,-0.7417,2
-4.4365,-1.6404,-0.5588,-2.8657,2
-4.8038,-0.9387,2.0432,-2.3545,2
-3.9053,-1.1344,-0.676,-0.8567,2
-1.6954,-1.8793,1.706,-0.571,2
-5.7424,-1.5213,-0.545,-2.4767,2
-2.3703,-2.972,-2.4831,-1.8802,2
-2.9296,-4.199,-0.683,-1.2377,2
-2.7771,-0.4135,-0.2845,-1.6214,2
-0.9229,-2.5453,-2.7939,0.312,2
-1.442,-2.1245,-1.7764,-0.2894,2
-1.6026,-0.0194,-0.2692,0.4069,2
-2.7933,-3.5482,-0.4062,-0.758,2
-3.3888,0.9907,0.8916,-0.9884,2
-2.3302,-3.6394,-2.5696,-0.8417,2
-2.883,-5.1356,-5.089,-0.5389,2
-1.0286,-2.2425,0.2108,0.7313,2
-1.8164,-4.0466,-3.6155,-0.0871,2
-4.1708,-1.9417,1.4324,-2.3175,2
-2.8732,-2.9988,-0.9309,-1.143,2
-3.1011,-1.2686,0.2909,0.2278,2
-3.9387,0.5939,-1.6442,-0.9209,2
-2.393,-1.5255,1.5248,-0.0663,2
-0.3899,-1.9987,-0.7029,0.3561,2
-5.8956,-4.3342,0.0496,-2.9729,2
-1.3679,-0.9509,-1.4046,0.4618,2
-2.2389,-2.3112,-5.4796,-0.3652,2
-3.4237,-4.4768,-4.284,-2.1485,2
-4.2418,-3.3969,0.1333,-1.9526,2
-2.552,-0.6011,1.2009,-0.5883,2
-2.3073,-3.0357,-1.033,0.3672,2
-5.4201,-1.4042,3.3684,-1.9763,2
-4.2543,-1.8021,0.6889,-2.263,2
-5.5805,-1.8106,2.7306,-1.4329,2
-5.9179,0.8661,3.9135,-2.8706,2
-0.6254,-2.7846,0.0551,0.3049,2
-4.2643,-5.7768,-3.8731,-1.3101,2
-2.8138,-0.2896,0.0832,-0.8762,2
-0.6682,-2.3253,-3.2111,0.3006,2
-3.7314,-0.2746,-1.9661,-2.3982,2
-4.9486,-3.1806,1.7368,-1.8013,2
-0.9493,-3.7625,-0.7246,0.6407,2
-2.9472,-2.648,-0.7013,-0.6569,2
-2.1147,-3.2666,-1.4671,-0.2664,2
-8.3866,-3.4558,-0.3703,-3.1907,2
-2.1112,-2.9027,-5.8668,-0.5947,2
-2.1618,-2.0235,-4.4817,-1.9263,2
-2.4595,-1.6393,-0.2573,-0.9378,2
-2.3824,-3.1902,-3.7181,-0.9634,2
-2.1235,-2.5876,-3.5541,-1.3597,2
-0.4466,-3.3692,-0.5881,0.1677,2
-0.7506,-0.9164,1.6391,0.6281,2
-3.0563,-4.3029,-1.998,-1.569,2
-2.3449,-1.9363,-0.2457,-1.3646,2
-1.5096,-0.0509,0.8699,1.4426,2
-3.6344,-1.7685,-2.3479,-1.3239,2
-0.9453,-1.9808,-0.9625,-1.0556,2
-1.9507,-2.6288,-1.0051,0.4055,2
-3.3807,-1.7899,-0.7526,-0.8335,2
-5.739,-4.1915,-0.3912,-2.4912,2
-3.1026,-0.9696,-1.1902,-0.2464,2
-3.1338,-3.8221,-3.6792,-1.2292,2
-4.8164,-2.2312,1.6719,-2.5353,2
-1.2642,-2.3865,-1.1183,-0.7891,2
-1.2243,-2.1221,-0.0182,0.783,2
-1.0642,-2.0593,-2.5551,0.031,2
-1.3815,-2.3219,-0.7534,-0.0066,2
-6.8598,-2.4837,1.682,-2.7734,2
-1.8402,-0.6269,-2.0289,-0.9001,2
-2.8317,-0.3708,-0.0932,-1.5204,2
-5.8646,-2.6709,0.715,-3.1457,2
-2.9974,-2.4985,1.6873,0.2627,2
-1.8329,-2.8353,-1.0215,0.3451,2
-1.4682,-2.3775,0.4907,1.8016,2
-4.2172,-1.2262,-0.9134,-1.5499,2
-3.3982,-1.3084,-1.1692,-0.6703,2
-5.311,-2.1462,-0.5887,-2.4009,2
-2.5236,-1.39,0.755,-0.5984,2
-5.8046,-0.7723,-0.3018,-3.273,2
-4.1746,-5.4694,-0.1647,-1.1122,2
-1.1078,-2.6101,-5.0137,-0.7742,2
-3.9241,-3.6877,-0.8513,-2.0443,2
-4.3263,-2.034,-0.3548,-0.7685,2
-1.6152,-4.1234,-0.1116,1.4946,2
-4.1504,-2.146,-0.0446,-1.0652,2
-5.3686,-4.0527,-1.2965,-2.2624,2
-5.2435,-2.9378,-1.3845,-2.4538,2
-0.7678,-2.3904,1.0268,1.2879,2
-3.9215,-3.0546,-1.5895,-0.209,2
-0.2314,-1.199,-3.2095,0.1484,2
-0.1007,-1.2761,-2.7716,0.6394,2
